2020/02/29-18:07:42.877667 db4 RocksDB version: 5.17.2
2020/02/29-18:07:42.877721 db4 Git sha rocksdb_build_git_sha:@f438b98e552010613cff8684a7d84191ed785148@
2020/02/29-18:07:42.877731 db4 Compile date Nov 27 2018
2020/02/29-18:07:42.877738 db4 DB SUMMARY
2020/02/29-18:07:42.877866 db4 CURRENT file:  CURRENT
2020/02/29-18:07:42.877876 db4 IDENTITY file:  IDENTITY
2020/02/29-18:07:42.877911 db4 MANIFEST file:  MANIFEST-000001 size: 13 Bytes
2020/02/29-18:07:42.877920 db4 SST files in db dir, Total Num: 0, files: 
2020/02/29-18:07:42.877927 db4 Write Ahead Log file in db: 000003.log size: 46 ; 
2020/02/29-18:07:42.877933 db4                         Options.error_if_exists: 0
2020/02/29-18:07:42.877939 db4                       Options.create_if_missing: 1
2020/02/29-18:07:42.878110 db4                         Options.paranoid_checks: 1
2020/02/29-18:07:42.878120 db4                                     Options.env: 0000000001331EC0
2020/02/29-18:07:42.878124 db4                                Options.info_log: 000000001B4BF160
2020/02/29-18:07:42.878126 db4                Options.max_file_opening_threads: 16
2020/02/29-18:07:42.878129 db4                              Options.statistics: 0000000000000000
2020/02/29-18:07:42.878131 db4                               Options.use_fsync: 0
2020/02/29-18:07:42.878134 db4                       Options.max_log_file_size: 0
2020/02/29-18:07:42.878136 db4                  Options.max_manifest_file_size: 1073741824
2020/02/29-18:07:42.878139 db4                   Options.log_file_time_to_roll: 0
2020/02/29-18:07:42.878141 db4                       Options.keep_log_file_num: 1000
2020/02/29-18:07:42.878144 db4                    Options.recycle_log_file_num: 0
2020/02/29-18:07:42.878146 db4                         Options.allow_fallocate: 1
2020/02/29-18:07:42.878148 db4                        Options.allow_mmap_reads: 1
2020/02/29-18:07:42.878151 db4                       Options.allow_mmap_writes: 0
2020/02/29-18:07:42.878153 db4                        Options.use_direct_reads: 0
2020/02/29-18:07:42.878155 db4                        Options.use_direct_io_for_flush_and_compaction: 0
2020/02/29-18:07:42.878158 db4          Options.create_missing_column_families: 0
2020/02/29-18:07:42.878160 db4                              Options.db_log_dir: 
2020/02/29-18:07:42.878163 db4                                 Options.wal_dir: db
2020/02/29-18:07:42.878165 db4                Options.table_cache_numshardbits: 6
2020/02/29-18:07:42.878167 db4                      Options.max_subcompactions: 1
2020/02/29-18:07:42.878170 db4                  Options.max_background_flushes: -1
2020/02/29-18:07:42.878172 db4                         Options.WAL_ttl_seconds: 0
2020/02/29-18:07:42.878175 db4                       Options.WAL_size_limit_MB: 0
2020/02/29-18:07:42.878177 db4             Options.manifest_preallocation_size: 4194304
2020/02/29-18:07:42.878180 db4                     Options.is_fd_close_on_exec: 1
2020/02/29-18:07:42.878182 db4                   Options.advise_random_on_open: 1
2020/02/29-18:07:42.878184 db4                    Options.db_write_buffer_size: 0
2020/02/29-18:07:42.878187 db4                    Options.write_buffer_manager: 000000001B4CB3E0
2020/02/29-18:07:42.878189 db4         Options.access_hint_on_compaction_start: 1
2020/02/29-18:07:42.878191 db4  Options.new_table_reader_for_compaction_inputs: 0
2020/02/29-18:07:42.878194 db4           Options.random_access_max_buffer_size: 1048576
2020/02/29-18:07:42.878197 db4                      Options.use_adaptive_mutex: 0
2020/02/29-18:07:42.878199 db4                            Options.rate_limiter: 000000001B5B6E40
2020/02/29-18:07:42.878202 db4     Options.sst_file_manager.rate_bytes_per_sec: 0
2020/02/29-18:07:42.878204 db4                       Options.wal_recovery_mode: 2
2020/02/29-18:07:42.878206 db4                  Options.enable_thread_tracking: 0
2020/02/29-18:07:42.878209 db4                  Options.enable_pipelined_write: 0
2020/02/29-18:07:42.878211 db4         Options.allow_concurrent_memtable_write: 1
2020/02/29-18:07:42.878213 db4      Options.enable_write_thread_adaptive_yield: 1
2020/02/29-18:07:42.878232 db4             Options.write_thread_max_yield_usec: 100
2020/02/29-18:07:42.878236 db4            Options.write_thread_slow_yield_usec: 3
2020/02/29-18:07:42.878238 db4                               Options.row_cache: None
2020/02/29-18:07:42.878241 db4                              Options.wal_filter: None
2020/02/29-18:07:42.878243 db4             Options.avoid_flush_during_recovery: 0
2020/02/29-18:07:42.878246 db4             Options.allow_ingest_behind: 0
2020/02/29-18:07:42.878248 db4             Options.preserve_deletes: 0
2020/02/29-18:07:42.878250 db4             Options.two_write_queues: 0
2020/02/29-18:07:42.878253 db4             Options.manual_wal_flush: 0
2020/02/29-18:07:42.878255 db4             Options.max_background_jobs: 2
2020/02/29-18:07:42.878257 db4             Options.max_background_compactions: 10
2020/02/29-18:07:42.878260 db4             Options.avoid_flush_during_shutdown: 0
2020/02/29-18:07:42.878262 db4           Options.writable_file_max_buffer_size: 1048576
2020/02/29-18:07:42.878264 db4             Options.delayed_write_rate : 10000000
2020/02/29-18:07:42.878267 db4             Options.max_total_wal_size: 0
2020/02/29-18:07:42.878269 db4             Options.delete_obsolete_files_period_micros: 21600000000
2020/02/29-18:07:42.878272 db4                   Options.stats_dump_period_sec: 600
2020/02/29-18:07:42.878274 db4                          Options.max_open_files: -1
2020/02/29-18:07:42.878277 db4                          Options.bytes_per_sync: 1048576
2020/02/29-18:07:42.878279 db4                      Options.wal_bytes_per_sync: 0
2020/02/29-18:07:42.878281 db4       Options.compaction_readahead_size: 0
2020/02/29-18:07:42.878284 db4 Compression algorithms supported:
2020/02/29-18:07:42.878287 db4 	kZSTD supported: 0
2020/02/29-18:07:42.878289 db4 	kSnappyCompression supported: 0
2020/02/29-18:07:42.878292 db4 	kBZip2Compression supported: 0
2020/02/29-18:07:42.878294 db4 	kZlibCompression supported: 0
2020/02/29-18:07:42.878297 db4 	kLZ4Compression supported: 0
2020/02/29-18:07:42.878299 db4 	kXpressCompression supported: 0
2020/02/29-18:07:42.878302 db4 	kLZ4HCCompression supported: 0
2020/02/29-18:07:42.878304 db4 	kZSTDNotFinalCompression supported: 0
2020/02/29-18:07:42.878311 db4 Fast CRC32 supported: Supported on x86
2020/02/29-18:07:42.878644 db4 [c:\users\aretter\code\rocksdb\db\db_impl.cc:365] Shutdown: canceling all background work
2020/02/29-18:07:42.878666 db4 [c:\users\aretter\code\rocksdb\db\db_impl.cc:521] Shutdown complete
